<!DOCTYPE HTML>

# BITSY VERSION 7.10

! ROOM_FORMAT 1

PAL 0
NAME #6
200,238,144
150,178,108
255,23,49

PAL 1
0,0,0
255,98,18
255,255,255

PAL 2
0,0,0
255,255,255
255,192,203

PAL 3
0,0,0
255,255,255
255,4,5

PAL 4
0,0,0
207,207,207
255,255,255

PAL 5
NAME blueprint
0,0,0
255,255,255
255,255,255

ROOM 0
0,0,0,0,0,0,0,0,0,0,0,0,0,0,0,0
0,0,0,0,0,0,0,0,0,0,0,0,0,0,0,0
0,0,0,0,0,0,0,0,0,0,0,0,0,0,0,0
0,0,0,0,0,0,0,0,0,0,0,0,0,0,0,0
0,0,0,0,0,0,0,0,0,0,0,0,0,0,0,0
0,0,0,0,0,0,0,0,0,0,0,0,0,0,0,0
0,0,0,0,0,0,0,0,0,0,0,0,0,0,0,0
0,0,0,0,0,0,0,0,0,0,0,0,0,0,0,0
0,0,0,0,0,0,0,0,0,0,0,0,0,0,0,0
0,0,0,0,14,10,10,10,10,10,10,10,16,0,0,0
0,0,0,0,13,10,0,b,b,b,b,b,13,0,0,0
0,0,0,0,12,10,10,10,10,10,10,10,17,0,0,0
0,0,0,0,0,0,0,0,0,0,0,0,0,0,0,0
0,0,0,0,0,0,0,0,0,0,0,0,0,0,0,0
0,0,0,0,0,0,0,0,0,0,0,0,0,0,0,0
0,0,0,0,0,0,0,0,0,0,0,0,0,0,0,0
NAME Beginning
EXT 11,10 1 6,10
PAL 5

ROOM 1
0,0,0,0,0,0,0,0,0,0,0,0,0,0,0,0
0,0,0,0,0,0,0,0,0,0,0,0,0,0,0,0
0,0,0,0,0,0,0,0,0,0,0,0,0,0,0,0
0,0,0,0,0,0,0,0,0,0,0,0,0,0,0,0
0,0,0,0,0,0,0,0,0,0,0,0,0,0,0,0
0,0,0,0,0,0,0,0,0,0,0,0,0,0,0,0
0,0,0,0,0,0,0,0,0,0,0,0,0,0,0,0
0,0,0,0,0,0,0,0,0,0,0,0,0,0,0,0
0,0,0,0,0,0,0,0,0,0,0,0,0,0,0,0
0,0,0,0,0,14,10,10,10,10,10,10,16,0,0,0
0,0,0,0,0,13,0,j,d,c,b,j,13,0,0,0
0,0,0,0,0,12,10,10,10,10,10,10,17,0,0,0
0,0,0,0,0,0,0,0,0,0,0,0,0,0,0,0
0,0,0,0,0,0,0,0,0,0,0,0,0,0,0,0
0,0,0,0,0,0,0,0,0,0,0,0,0,0,0,0
0,0,0,0,0,0,0,0,0,0,0,0,0,0,0,0
ITM 2 6,10
EXT 11,10 2 5,10
PAL 5

ROOM 2
0,0,0,0,0,0,0,0,0,0,0,0,0,0,0,0
0,0,0,0,0,0,0,0,0,0,0,0,0,0,0,0
0,0,0,0,0,0,0,0,0,0,0,0,0,0,0,0
0,0,0,0,0,0,0,0,0,0,0,0,0,0,0,0
0,0,0,0,0,0,0,0,0,0,0,0,0,0,0,0
0,0,0,0,0,0,0,0,0,0,0,0,0,0,0,0
0,0,0,0,0,0,0,0,0,0,0,0,0,0,0,0
0,0,0,0,0,0,0,0,0,0,0,0,0,0,0,0
0,0,0,0,0,0,0,0,0,0,0,0,0,0,0,0
0,0,0,0,l,l,0,0,l,l,l,l,l,l,l,0
0,0,0,0,l,0,0,0,0,0,0,0,l,0,l,0
0,0,0,0,l,l,l,l,l,l,l,l,l,0,l,0
0,0,0,0,0,0,0,l,0,0,0,0,0,0,l,0
0,0,0,0,0,0,0,l,l,l,l,l,l,l,l,0
0,0,0,0,0,0,0,0,0,0,0,0,0,0,0,0
0,0,0,0,0,0,0,0,0,0,0,0,0,0,0,0
ITM 3 11,10
EXT 13,10 3 5,11
EXT 11,10 18 11,10
PAL 5

ROOM 3
14,1d,1d,1d,1d,1d,1d,1d,1d,1d,1d,1d,1d,11,0,1a
12,1c,1c,1c,1c,1c,1c,1c,1c,1c,1c,1c,17,f,0,13
0,b,0,0,0,b,0,0,0,0,0,b,0,1a,0,13
0,18,10,10,10,10,10,10,10,10,10,16,0,13,0,13
j,0,0,0,d,0,0,d,0,0,0,13,c,13,0,13
14,10,10,10,10,10,10,10,10,16,0,13,0,13,0,13
13,0,0,d,0,0,d,0,0,13,0,13,c,13,0,13
13,0,14,10,10,10,10,16,0,13,j,13,0,13,0,13
13,c,13,0,d,0,0,13,b,1b,0,13,0,13,0,13
13,0,13,0,14,11,b,1b,0,13,0,13,b,1b,0,13
13,0,13,c,13,0,0,13,0,13,b,1b,0,13,0,13
13,0,13,0,13,0,0,13,j,13,0,13,0,13,0,13
13,c,13,c,12,10,10,17,0,13,0,13,0,13,0,13
13,0,13,0,0,b,0,0,b,13,j,13,c,13,0,13
13,0,12,10,10,10,10,10,10,17,0,13,0,19,0,13
13,0,b,0,0,b,0,0,0,b,0,19,0,0,0,19
EXT 14,0 4 1,3
PAL 2

ROOM 4
1j,0,n,n,n,0,0,0,0,0,0,0,0,0,0,0
14,1g,11,0,0,0,0,0,0,0,0,0,0,0,0,0
13,0,0,18,10,16,0,0,0,0,14,10,16,0,0,0
13,0,0,0,0,12,10,10,16,0,13,0,13,0,0,0
12,10,10,16,0,0,0,0,13,0,13,0,13,0,0,0
0,0,0,13,0,14,16,0,12,10,17,0,13,0,0,0
0,0,0,13,0,12,1f,0,0,0,0,0,13,0,0,0
0,0,0,13,0,0,12,10,10,1d,16,0,13,0,0,0
0,0,0,12,16,0,0,0,0,1e,1f,0,13,0,0,0
0,0,0,0,12,10,10,10,10,1c,1c,10,17,0,0,0
0,0,0,0,0,0,0,0,0,0,0,0,0,0,0,0
0,0,0,0,0,0,0,0,0,0,0,0,0,0,0,0
0,0,0,0,0,0,0,0,0,0,0,0,0,0,0,0
0,0,0,0,0,0,0,0,0,0,0,0,0,0,0,0
0,0,0,0,0,0,0,0,0,0,0,0,0,0,0,0
0,0,0,0,0,0,0,0,0,0,0,0,0,0,0,0
NAME 4 start
ITM 5 8,8
ITM 5 11,8
ITM 5 4,7
ITM 5 4,0
ITM 5 3,0
ITM 5 2,0
ITM 5 1,0
EXT 1,0 v 1,0
EXT 4,7 y 4,7
EXT 11,8 14 11,8
PAL 5

ROOM 11
0,o,n,o,o,0,0,0,0,0,0,0,0,0,0,0
14,1g,11,0,0,0,0,0,0,0,0,0,0,0,0,0
13,0,0,18,10,16,0,0,0,0,14,10,16,0,0,0
13,0,0,0,0,12,10,10,16,0,13,0,13,0,0,0
12,10,10,16,0,0,0,0,13,0,13,0,13,0,0,0
0,0,0,13,0,14,16,0,12,10,17,0,13,0,0,0
0,0,0,13,0,12,1f,0,0,0,0,0,13,0,0,0
0,0,0,13,0,0,12,10,10,1d,16,0,13,0,0,0
0,1j,0,12,16,0,0,0,0,1e,1f,0,13,0,0,0
0,0,0,0,12,10,10,10,10,1c,1c,10,17,0,0,0
0,0,0,0,0,0,0,0,0,0,0,0,0,0,0,0
0,0,0,0,0,0,0,0,0,0,0,0,0,0,0,0
0,0,0,0,0,0,0,0,0,0,0,0,0,0,0,0
0,0,0,0,0,0,0,0,0,0,0,0,0,0,0,0
0,0,0,0,0,0,0,0,0,0,0,0,0,0,0,0
0,0,0,0,0,0,0,0,0,0,0,0,0,0,0,0
NAME (124)
ITM 5 8,8
EXT 8,8 l 7,15 DLG 17
PAL 5

ROOM 12
0,o,n,o,o,0,0,0,0,0,0,0,0,0,0,0
14,1g,11,0,0,0,0,0,0,0,0,0,0,0,0,0
13,0,0,18,10,16,0,0,0,0,14,10,16,0,0,0
13,0,0,0,0,12,10,10,16,0,13,0,13,0,0,0
12,10,10,16,0,0,0,0,13,0,13,0,13,0,0,0
0,0,0,13,0,14,16,0,12,10,17,0,13,0,0,0
0,0,0,13,0,12,1f,0,0,0,0,0,13,0,0,0
0,0,0,13,0,0,12,10,10,1d,16,0,13,0,0,0
0,0,0,12,16,0,0,0,0,1e,1f,0,13,0,0,1j
0,0,0,0,12,10,10,10,10,1c,1c,10,17,0,0,0
0,0,0,0,0,0,0,0,0,0,0,0,0,0,0,0
0,0,0,0,0,0,0,0,0,0,0,0,0,0,0,0
0,0,0,0,0,0,0,0,0,0,0,0,0,0,0,0
0,0,0,0,0,0,0,0,0,0,0,0,0,0,0,0
0,0,0,0,0,0,0,0,0,0,0,0,0,0,0,0
0,0,0,0,0,0,0,0,0,0,0,0,0,0,0,0
NAME (214)
ITM 5 8,8
EXT 8,8 l 7,15
PAL 5

ROOM 13
0,o,n,n,o,0,0,0,0,0,0,0,0,0,0,0
14,1g,11,0,0,0,0,0,0,0,0,0,0,0,0,0
13,0,0,18,10,16,0,0,0,0,14,10,16,0,0,0
13,0,0,0,0,12,10,10,16,0,13,0,13,0,0,0
12,10,10,16,0,0,0,0,13,0,13,0,13,0,0,0
0,0,0,13,0,14,16,0,12,10,17,0,13,0,1j,0
0,0,0,13,0,12,1f,0,0,0,0,0,13,0,0,0
0,0,0,13,0,0,12,10,10,1d,16,0,13,0,0,0
0,0,0,12,16,0,0,0,0,1e,1f,0,13,0,0,0
0,0,0,0,12,10,10,10,10,1c,1c,10,17,0,0,0
0,0,0,0,0,0,0,0,0,0,0,0,0,0,0,0
0,0,0,0,0,0,0,0,0,0,0,0,0,0,0,0
0,0,0,0,0,0,0,0,0,0,0,0,0,0,0,0
0,0,0,0,0,0,0,0,0,0,0,0,0,0,0,0
0,0,0,0,0,0,0,0,0,0,0,0,0,0,0,0
0,0,0,0,0,0,0,0,0,0,0,0,0,0,0,0
NAME 14
ITM 5 4,7
ITM 5 8,8
EXT 4,7 12 4,7
PAL 5

ROOM 14
0,0,n,n,o,0,0,0,0,0,0,0,0,0,0,0
14,1g,11,0,0,0,0,0,1j,0,0,0,0,0,0,0
13,0,0,18,10,16,0,0,0,0,14,10,16,0,0,0
13,0,0,0,0,12,10,10,16,0,13,0,13,0,0,0
12,10,10,16,0,0,0,0,13,0,13,0,13,0,0,0
0,0,0,13,0,14,16,0,12,10,17,0,13,0,0,0
0,0,0,13,0,12,1f,0,0,0,0,0,13,0,0,0
0,0,0,13,0,0,12,10,10,1d,16,0,13,0,0,0
0,0,0,12,16,0,0,0,0,1e,1f,0,13,0,0,0
0,0,0,0,12,10,10,10,10,1c,1c,10,17,0,0,0
0,0,0,0,0,0,0,0,0,0,0,0,0,0,0,0
0,0,0,0,0,0,0,0,0,0,0,0,0,0,0,0
0,0,0,0,0,0,0,0,0,0,0,0,0,0,0,0
0,0,0,0,0,0,0,0,0,0,0,0,0,0,0,0
0,0,0,0,0,0,0,0,0,0,0,0,0,0,0,0
0,0,0,0,0,0,0,0,0,0,0,0,0,0,0,0
NAME 4
ITM 5 1,0
ITM 5 8,8
ITM 5 4,7
EXT 1,0 13 1,0
EXT 4,7 17 4,7
PAL 5

ROOM 15
0,0,n,o,o,0,0,0,0,0,0,0,0,0,0,0
14,1g,11,0,0,0,0,0,0,0,0,0,0,0,0,0
13,0,0,18,10,16,0,0,0,0,14,10,16,0,0,0
13,0,0,0,0,12,10,10,16,0,13,0,13,0,0,0
12,10,10,16,0,0,0,0,13,0,13,0,13,0,0,0
0,0,0,13,0,14,16,0,12,10,17,0,13,0,0,0
0,0,0,13,0,12,1f,0,0,0,0,0,13,0,0,0
0,0,0,13,0,0,12,10,10,1d,16,0,13,0,0,0
0,0,0,12,16,0,0,0,0,1e,1f,0,13,0,0,0
0,0,0,0,12,10,10,10,10,1c,1c,10,17,0,0,0
0,0,0,0,0,0,0,0,0,0,0,0,0,0,0,0
0,0,0,0,0,0,0,0,0,0,0,0,0,0,0,0
0,0,0,0,0,0,0,0,0,0,0,0,0,0,0,0
0,0,0,0,0,0,0,0,0,0,0,0,0,0,0,0
0,0,0,1j,0,0,0,0,0,0,0,0,0,0,0,0
0,0,0,0,0,0,0,0,0,0,0,0,0,0,0,0
NAME 23
ITM 5 1,0
ITM 5 11,8
EXT 11,8 16 11,8
EXT 1,0 x 1,0
PAL 5

ROOM 16
1j,0,o,o,o,0,0,0,0,0,0,0,0,0,0,0
14,1g,11,0,0,0,0,0,0,0,0,0,0,0,0,0
13,0,0,18,10,16,0,0,0,0,14,10,16,0,0,0
13,0,0,0,0,12,10,10,16,0,13,0,13,0,0,0
12,10,10,16,0,0,0,0,13,0,13,0,13,0,0,0
0,0,0,13,0,14,16,0,12,10,17,0,13,0,0,0
0,0,0,13,0,12,1f,0,0,0,0,0,13,0,0,0
0,0,0,13,0,0,12,10,10,1d,16,0,13,0,0,0
0,0,0,12,16,0,0,0,0,1e,1f,0,13,0,0,0
0,0,0,0,12,10,10,10,10,1c,1c,10,17,0,0,0
0,0,0,0,0,0,0,0,0,0,0,0,0,0,0,0
0,0,0,0,0,0,0,0,0,0,0,0,0,0,0,0
0,0,0,0,0,0,0,0,0,0,0,0,0,0,0,0
0,0,0,0,0,0,0,0,0,0,0,0,0,0,0,0
0,0,0,0,0,0,0,0,0,0,0,0,0,0,0,0
0,0,0,0,0,0,0,0,0,0,0,0,0,0,0,0
NAME (234)
ITM 5 1,0
EXT 1,0 l 7,15
PAL 5

ROOM 17
0,0,n,o,o,0,0,0,0,0,0,0,0,0,0,0
14,1g,11,0,0,0,0,0,0,0,0,0,0,0,0,0
13,0,0,18,10,16,0,0,0,0,15,10,16,0,0,0
13,0,0,0,0,12,10,10,16,0,13,0,13,0,0,0
12,10,10,16,0,0,0,0,13,0,13,0,13,0,0,0
0,0,0,13,0,15,16,0,12,10,17,0,13,0,0,0
0,0,0,13,0,12,1f,0,0,0,0,0,13,0,0,0
0,0,0,13,0,0,12,10,10,1d,16,0,13,0,0,0
0,0,0,12,16,0,0,0,0,1e,1f,0,13,0,0,0
0,0,0,0,12,10,10,10,10,1c,1c,10,17,0,0,0
0,0,0,0,0,0,0,0,0,0,0,0,0,0,0,0
0,0,0,0,0,0,0,0,0,0,0,0,0,0,0,0
0,0,0,0,0,0,0,0,0,0,0,0,1j,0,0,0
0,0,0,0,0,0,0,0,0,0,0,0,0,0,0,0
0,0,0,0,0,0,0,0,0,0,0,0,0,0,0,0
0,0,0,0,0,0,0,0,0,0,0,0,0,0,0,0
NAME 24
ITM 5 1,0
ITM 5 8,8
EXT 1,0 11 1,0
PAL 5

ROOM 18
0,0,0,0,0,0,0,0,0,0,0,0,0,0,0,0
0,0,0,0,0,0,0,0,0,0,0,0,0,0,0,0
0,0,0,0,0,0,0,0,0,0,0,0,0,0,0,0
0,0,0,0,0,0,0,0,0,0,0,0,0,0,0,0
0,0,0,0,0,0,0,0,0,0,0,0,0,0,0,0
0,0,0,0,0,0,0,0,0,0,0,0,0,0,0,0
0,0,0,0,0,0,0,0,0,0,0,0,0,0,0,0
0,0,0,0,0,0,0,0,0,0,0,0,0,0,0,0
0,0,0,0,0,0,0,0,0,0,0,0,0,0,0,0
0,0,0,0,1j,1j,1j,1j,1j,1j,1g,1g,16,1j,1j,0
0,0,0,0,1j,0,0,0,0,0,0,0,13,0,1j,0
0,0,0,0,1j,1j,1j,1j,0,1j,1g,1g,17,0,1j,0
0,0,0,0,0,0,0,1j,0,0,0,0,0,0,1j,0
0,0,0,0,0,0,0,1j,1j,1j,1j,1j,1j,1j,1j,0
0,0,0,0,0,0,0,0,0,0,0,0,0,0,0,0
0,0,0,0,0,0,0,0,0,0,0,0,0,0,0,0
NAME room 2-2
EXT 13,10 3 5,11
EXT 10,10 19 10,10
PAL 1

ROOM 19
0,0,0,0,0,0,0,0,0,0,0,0,0,0,0,0
0,0,0,0,0,0,0,0,0,0,0,0,0,0,0,0
0,0,0,0,0,0,0,0,0,0,0,0,0,0,0,0
0,0,0,0,0,0,0,0,0,0,0,0,0,0,0,0
0,0,0,0,0,0,0,0,0,0,0,0,0,0,0,0
0,0,0,0,0,0,0,0,0,0,0,0,0,0,0,0
0,0,0,0,0,0,0,0,0,0,0,0,0,0,0,0
0,0,0,0,0,0,0,0,0,0,0,0,0,0,0,0
0,0,0,0,0,0,0,0,0,0,0,0,0,0,0,0
0,0,0,0,1j,1j,1j,1j,1j,1g,10,10,1j,1j,1j,0
0,0,0,0,1j,0,0,0,0,0,12,0,1j,0,1j,0
0,0,0,0,1j,1j,1j,1j,0,18,1g,1g,1j,0,1j,0
0,0,0,0,0,0,0,1j,0,0,0,0,0,0,1j,0
0,0,0,0,0,0,0,1j,1j,1j,1j,1j,1j,1j,1j,0
0,0,0,0,0,0,0,0,0,0,0,0,0,0,0,0
0,0,0,0,0,0,0,0,0,0,0,0,0,0,0,0
EXT 13,10 3 5,11
EXT 11,10 18 11,10
EXT 9,10 1a 9,10
PAL 1

ROOM j
1n,1n,1n,1n,1n,13,0,13,1n,1n,1n,1n,1n,1n,1n,1n
1n,1n,1n,1n,1n,13,0,13,1n,1n,1n,1n,1n,1n,1n,1n
1n,1n,1n,1n,1n,13,0,13,1n,1n,1n,1n,1n,1n,1n,1n
1n,1n,1n,1n,1n,13,0,13,1n,1n,1n,1n,1n,1n,1n,1n
1n,1n,1n,1n,1n,13,0,13,1n,1n,1n,1n,1n,1n,1n,1n
1n,1n,1n,1n,1n,13,0,13,1n,1n,1n,1n,1n,1n,1n,1n
14,10,10,10,10,17,0,12,10,10,10,10,16,1n,1n,1n
13,0,0,0,0,0,0,0,0,0,0,0,13,1n,1n,1n
13,0,14,10,10,10,10,10,10,10,16,0,13,1n,1n,1n
13,0,13,0,0,0,0,0,0,0,13,0,13,1n,1n,1n
13,0,13,0,0,0,0,0,0,0,13,0,12,10,10,10
13,0,12,10,10,10,10,16,0,0,13,0,0,0,0,0
13,0,0,0,0,0,0,13,0,0,13,0,0,0,0,0
13,0,14,10,10,16,0,12,10,10,17,0,0,0,0,0
13,0,13,0,0,13,0,0,0,0,0,0,0,0,0,0
13,s,13,0,0,12,10,10,10,10,11,0,0,0,0,0
NAME room 5
EXT 6,0 k 8,15
EXT 1,14 l 2,1 DLG 17
PAL 5

ROOM k
1n,1n,1n,1n,1n,1n,1n,13,s,13,1n,1n,1n,1n,1n,1n
1n,1n,1n,1n,1n,1n,1n,13,0,13,1n,1n,1n,1n,1n,1n
1n,1n,1n,1n,1n,1n,1n,13,0,13,1n,1n,1n,1n,1n,1n
1n,1n,1n,1n,1n,1n,1n,13,0,13,1n,1n,1n,1n,1n,1n
1n,1n,1n,1n,1n,1n,1n,13,0,13,1n,1n,1n,1n,1n,1n
1n,1n,1n,1n,1n,1n,1n,13,0,13,1n,1n,1n,1n,1n,1n
1n,1n,1n,1n,1n,1n,1n,13,0,12,10,10,10,10,10,10
1n,1n,1n,1n,1n,1n,1n,13,0,0,0,0,0,0,0,s
1n,1n,1n,1n,1n,1n,1n,13,0,14,10,10,10,10,10,10
10,10,10,10,10,10,10,17,0,13,1n,1n,1n,1n,1n,1n
0,0,0,0,0,0,0,0,0,13,1n,1n,1n,1n,1n,1n
10,10,10,10,10,10,10,16,0,13,1n,1n,1n,1n,1n,1n
1n,1n,1n,1n,1n,1n,1n,13,0,13,1n,1n,1n,1n,1n,1n
1n,1n,1n,1n,1n,1n,1n,13,0,13,1n,1n,1n,1n,1n,1n
1n,1n,1n,1n,1n,1n,1n,13,0,13,1n,1n,1n,1n,1n,1n
1n,1n,1n,1n,1n,1n,1n,13,0,13,1n,1n,1n,1n,1n,1n
NAME room 6
EXT 8,15 j 6,0
EXT 14,7 n 0,14
EXT 8,1 1q 8,14 DLG 1a
EXT 8,1 k 8,15
PAL 5

ROOM l
14,10,0,10,10,10,10,10,10,10,1d,10,10,10,10,16
13,0,0,0,0,0,0,0,0,0,13,0,0,0,0,13
13,0,0,0,0,0,0,0,0,0,13,0,0,0,0,13
13,0,0,0,0,0,0,0,0,0,13,0,0,0,0,13
13,0,0,0,0,0,0,0,0,0,13,0,0,0,0,13
13,0,0,0,0,0,0,0,0,0,19,0,0,18,10,13
13,0,0,0,0,0,0,0,0,0,0,0,0,0,0,13
13,0,0,0,0,0,0,0,0,0,0,0,0,0,0,13
13,0,0,0,0,0,0,0,0,0,0,0,0,0,0,13
13,0,0,0,0,0,0,0,0,0,0,0,0,0,0,13
1e,10,11,0,18,10,16,0,0,1a,0,0,0,18,10,13
13,0,0,0,0,0,13,0,0,13,0,0,0,0,0,13
13,0,0,0,0,0,13,0,0,13,0,0,0,0,0,13
13,0,0,0,0,0,13,0,0,13,0,0,0,0,0,13
13,0,0,0,0,0,13,0,0,13,0,0,0,0,0,13
13,0,0,0,0,0,13,0,0,13,0,0,0,0,0,13
NAME between heart room and maze
ITM 7 0,0
PAL 5

ROOM m
1l,1l,1l,1l,1l,1l,14,10,10,10,10,10,16,1l,1l,1l
1l,1l,14,10,10,10,1f,1k,1k,1k,0,1k,13,1l,1l,1l
1l,1l,13,1k,1k,1k,13,1k,1k,1a,1k,1k,13,1l,1l,1l
1l,1l,13,1k,y,1k,19,1k,1k,13,1k,1k,13,1l,1l,1l
1l,1l,13,0,z,0,1k,1k,1k,1e,10,10,1c,10,10,16
1l,1l,13,0,0,0,1a,1k,1k,13,1k,1k,1k,1k,1k,13
1l,1l,13,1k,1k,1k,13,1k,1k,19,1k,1k,1k,1k,1k,13
1l,1l,1e,10,10,10,1f,1k,1k,1k,1k,1k,w,1k,1k,13
1l,1l,13,1k,1k,1k,13,1k,1k,1a,1k,1k,x,1k,1k,13
1l,1l,13,1k,1k,1k,19,1k,1k,13,1k,0,1k,1k,1k,13
1l,1l,13,1k,1k,1k,1k,1k,1k,1e,10,10,10,1d,10,17
1l,1l,13,1k,1k,1k,1a,1k,1k,13,1k,1k,1k,13,1l,1l
1l,1l,13,1k,1k,1k,13,1k,1k,19,1k,t,v,13,1l,1l
10,10,1c,10,10,10,17,1k,1k,1k,1k,u,1k,13,1l,1l
1k,1k,1k,1k,1k,1k,1k,1k,1k,1a,1k,1k,1k,13,1l,1l
10,10,10,10,10,10,10,10,10,1c,10,10,10,17,1l,1l
NAME Dark Room - Complete
PAL 5

ROOM n
1n,1n,1n,1n,1n,1n,1n,1n,1n,1n,1n,1n,1n,1n,1n,1n
1n,1n,1n,1n,1n,1n,1n,1n,1n,1n,1n,1n,1n,1n,1n,1n
1n,1n,1n,1n,1n,1n,1n,1n,1n,1n,1n,1n,1n,1n,1n,1n
1n,1n,1n,1n,1n,1n,1n,1n,1n,1n,1n,1n,1n,1n,1n,1n
1n,1n,1n,1n,1n,1n,1n,1n,1n,1n,1n,1n,1n,1n,1n,1n
1n,1n,1n,1n,1n,1n,1n,1n,1n,1n,1n,1n,1n,1n,1n,1n
1n,1n,1n,1n,1n,1n,1n,1n,1n,1n,1n,1n,1n,1n,1n,1n
1n,1n,1n,1n,1n,1n,1n,1n,1n,1n,1n,1n,1n,1n,1n,1n
1n,1n,1n,1n,1n,1n,1n,1n,1n,1n,1n,1n,1n,1n,1n,1n
1n,1n,1n,1n,1n,1n,1n,1n,1n,1n,1n,1n,1n,1n,1n,1n
1n,1n,1n,1n,1n,1n,1n,1n,1n,1n,1n,1n,1n,1n,1n,1n
1n,1n,1n,1n,1n,1n,1n,1n,1n,1n,1n,1n,1n,1n,1n,1n
1n,1n,1n,1n,1n,1n,1n,1n,1n,1n,1n,1n,1n,1n,1n,1n
10,10,10,10,10,10,11,0,0,13,1n,1n,1n,1n,1n,1n
0,0,0,0,0,0,0,l,0,13,1n,1n,1n,1n,1n,1n
10,10,10,10,10,10,10,10,10,17,1n,1n,1n,1n,1n,1n
NAME Dark Room entrance
EXT 6,14 o 6,14
EXT 0,14 k 14,7
PAL 5

ROOM o
1n,1n,1n,1n,1n,1n,14,10,10,15,1n,1n,1n,1n,1n,1n
1n,1n,1n,1n,1n,1n,13,0,0,0,1n,1n,1n,1n,1n,1n
1n,1n,1n,1n,1n,1n,13,0,0,1a,1n,1n,1n,1n,1n,1n
1n,1n,1n,1n,1n,1n,19,0,0,13,1n,1n,1n,1n,1n,1n
1n,1n,1n,1n,1n,1n,0,0,0,13,1n,1n,1n,1n,1n,1n
1n,1n,1n,1n,1n,1n,1a,0,0,13,1n,1n,1n,1n,1n,1n
1n,1n,1n,1n,1n,1n,13,0,0,19,1n,1n,1n,1n,1n,1n
1n,1n,1n,1n,1n,1n,13,0,0,0,1n,1n,1n,1n,1n,1n
1n,1n,1n,1n,1n,1n,13,0,0,1a,1n,1n,1n,1n,1n,1n
1n,1n,1n,1n,1n,1n,19,0,0,13,1n,1n,1n,1n,1n,1n
1n,1n,1n,1n,1n,1n,0,0,0,13,1n,1n,1n,1n,1n,1n
1n,1n,1n,1n,1n,1n,1a,0,0,13,1n,1n,1n,1n,1n,1n
1n,1n,1n,1n,1n,1n,13,0,0,19,1n,1n,1n,1n,1n,1n
10,10,10,10,10,10,17,0,0,0,1n,1n,1n,1n,1n,1n
0,0,0,0,0,l,0,0,0,1a,1n,1n,1n,1n,1n,1n
10,10,10,10,10,10,10,10,10,17,1n,1n,1n,1n,1n,1n
NAME Dark Room Hallway
EXT 6,14 n 6,14
PAL 5

ROOM p
1n,1n,1n,1n,1n,1n,14,10,10,15,1n,1n,1n,1n,1n,1n
1n,1n,1n,1n,1n,1n,13,1k,1k,1i,1n,1n,1n,1n,1n,1n
1n,1n,1n,1n,1n,1n,13,1k,1k,1a,1n,1n,1n,1n,1n,1n
1n,1n,1n,1n,1n,1n,19,1k,1k,13,1n,1n,1n,1n,1n,1n
1n,1n,1n,1n,1n,1n,1i,1k,1k,13,1n,1n,1n,1n,1n,1n
1n,1n,1n,1n,1n,1n,1a,1k,1k,13,1n,1n,1n,1n,1n,1n
1n,1n,1n,1n,1n,1n,13,1k,1k,19,1n,1n,1n,1n,1n,1n
1n,1n,1n,1n,1n,1n,13,1k,1k,1i,1n,1n,1n,1n,1n,1n
1n,1n,1n,1n,1n,1n,13,1k,1k,1a,1n,1n,1n,1n,1n,1n
1n,1n,1n,1n,1n,1n,19,1k,1k,13,1n,1n,1n,1n,1n,1n
1n,1n,1n,1n,1n,1n,1i,1k,1k,1e,10,10,10,16,1n,1n
1n,1n,1n,1n,1n,1n,1a,1k,1k,13,1k,1k,1k,13,1n,1n
1n,1n,1n,1n,1n,1n,13,1k,1k,19,1k,t,v,13,1n,1n
10,10,10,10,10,10,17,1k,1k,1k,1k,u,1k,13,1n,1n
1k,1k,1k,1k,1k,1k,1k,1k,1k,1a,1k,1k,1k,13,1n,1n
10,10,10,10,10,10,10,10,10,1c,10,10,10,17,1n,1n
NAME Dark Room 1 
PAL 5

ROOM q
1n,1n,1n,1n,1n,1n,14,10,10,15,1n,1n,1n,1n,1n,1n
1n,1n,1n,1n,1n,1n,13,1k,1k,1i,1n,1n,1n,1n,1n,1n
1n,1n,1n,1n,1n,1n,13,1k,1k,1a,1n,1n,1n,1n,1n,1n
1n,1n,1n,1n,1n,1n,19,1k,1k,13,1n,1n,1n,1n,1n,1n
1n,1n,1n,1n,1n,1n,1i,1k,1k,13,1n,1n,1n,1n,1n,1n
1n,1n,1n,1n,1n,1n,1a,1k,1k,13,1n,1n,1n,1n,1n,1n
1n,1n,1n,1n,1n,1n,13,1k,1k,19,1n,1n,1n,1n,1n,1n
1n,1n,1n,1n,1n,1n,13,1k,1k,1i,1n,1n,1n,1n,1n,1n
1n,1n,1n,1n,1n,1n,13,1k,1k,1a,1n,1n,1n,1n,1n,1n
1n,1n,1n,1n,1n,1n,19,1k,1k,13,1n,1n,1n,1n,1n,1n
1n,1n,1n,1n,1n,1n,1i,1k,1k,1e,10,10,10,16,1n,1n
1n,1n,1n,1n,1n,1n,1a,1k,1k,13,1k,1k,1k,13,1n,1n
1n,1n,1n,1n,1n,1n,13,1k,1k,19,1k,t,v,13,1n,1n
10,10,10,10,10,10,17,1k,1k,1k,1k,u,1k,13,1n,1n
1k,1k,1k,1k,1k,1k,1k,1k,1k,1a,1k,1k,1k,13,1n,1n
10,10,10,10,10,10,10,10,10,1c,10,10,10,17,1n,1n
NAME Dark Room 1 button
PAL 5

ROOM r
1n,1n,1n,1n,1n,1n,14,10,10,11,1n,1n,1n,1n,1n,1n
1n,1n,1n,1n,1n,1n,13,1k,1k,1i,1n,1n,1n,1n,1n,1n
1n,1n,1n,1n,1n,1n,13,1k,1k,1a,1n,1n,1n,1n,1n,1n
1n,1n,1n,1n,1n,1n,19,1k,1k,13,1n,1n,1n,1n,1n,1n
1n,1n,1n,1n,1n,1n,1i,1k,1k,13,1n,1n,1n,1n,1n,1n
1n,1n,1n,1n,1n,1n,1a,1k,1k,13,1n,1n,1n,1n,1n,1n
1n,1n,1n,1n,1n,1n,13,1k,1k,19,1n,1n,1n,1n,1n,1n
1n,1n,14,10,10,10,1f,1k,1k,1i,1n,1n,1n,1n,1n,1n
1n,1n,13,1k,1k,1k,13,1k,1k,1a,1n,1n,1n,1n,1n,1n
1n,1n,13,1k,1k,1k,19,1k,1k,13,1n,1n,1n,1n,1n,1n
1n,1n,13,1k,1k,1k,1k,1k,1k,13,1n,1n,1n,1n,1n,1n
1n,1n,13,1k,1k,1k,1a,1k,1k,13,1n,1n,1n,1n,1n,1n
1n,1n,13,1k,1k,1k,13,1k,1k,19,1n,1n,1n,1n,1n,1n
10,10,1c,10,10,10,17,1k,1k,1i,1n,1n,1n,1n,1n,1n
1k,1k,1k,1k,1k,1k,1k,1k,1k,1a,1n,1n,1n,1n,1n,1n
10,10,10,10,10,10,10,10,10,17,1n,1n,1n,1n,1n,1n
NAME Dark Room 2
PAL 5

ROOM s
1n,1n,1n,1n,1n,1n,14,10,10,11,1n,1n,1n,1n,1n,1n
1n,1n,1n,1n,1n,1n,13,1k,1k,1i,1n,1n,1n,1n,1n,1n
1n,1n,1n,1n,1n,1n,13,1k,1k,1a,1n,1n,1n,1n,1n,1n
1n,1n,1n,1n,1n,1n,19,1k,1k,13,1n,1n,1n,1n,1n,1n
1n,1n,1n,1n,1n,1n,1i,1k,1k,13,10,10,10,10,10,16
1n,1n,1n,1n,1n,1n,1a,1k,1k,13,1k,1k,1k,1k,1k,13
1n,1n,1n,1n,1n,1n,13,1k,1k,19,1k,1k,1k,1k,1k,13
1n,1n,1n,1n,1n,1n,13,1k,1k,1k,1k,1k,0,1k,1k,13
1n,1n,1n,1n,1n,1n,13,1k,1k,1a,1k,1k,0,1k,1k,13
1n,1n,1n,1n,1n,1n,19,1k,1k,13,1k,0,1k,1k,1k,13
1n,1n,1n,1n,1n,1n,1i,1k,1k,1e,10,10,10,10,10,17
1n,1n,1n,1n,1n,1n,1a,1k,1k,13,1n,1n,1n,1n,1n,1n
1n,1n,1n,1n,1n,1n,13,1k,1k,19,1n,1n,1n,1n,1n,1n
10,10,10,10,10,10,17,1k,1k,1i,1n,1n,1n,1n,1n,1n
1k,1k,1k,1k,1k,1k,1k,1k,1k,1a,1n,1n,1n,1n,1n,1n
10,10,10,10,10,10,10,10,10,17,1n,1n,1n,1n,1n,1n
NAME Dark Room 3
PAL 5

ROOM t
1n,1n,1n,1n,1n,1n,14,10,10,15,1n,1n,1n,1n,1n,1n
1n,1n,14,10,10,10,1f,1k,1k,1i,1n,1n,1n,1n,1n,1n
1n,1n,13,1k,1k,1k,13,1k,1k,1a,1n,1n,1n,1n,1n,1n
1n,1n,13,1k,y,1k,19,1k,1k,13,1n,1n,1n,1n,1n,1n
1n,1n,13,1k,z,1k,1k,1k,1k,13,1n,1n,1n,1n,1n,1n
1n,1n,13,1k,1k,1k,1a,1k,1k,13,1n,1n,1n,1n,1n,1n
1n,1n,13,1k,1k,1k,13,1k,1k,19,1n,1n,1n,1n,1n,1n
1n,1n,12,10,10,10,1f,1k,1k,1i,1n,1n,1n,1n,1n,1n
1n,1n,1n,1n,1n,1n,13,1k,1k,1a,1n,1n,1n,1n,1n,1n
1n,1n,1n,1n,1n,1n,19,1k,1k,13,1n,1n,1n,1n,1n,1n
1n,1n,1n,1n,1n,1n,1i,1k,1k,13,1n,1n,1n,1n,1n,1n
1n,1n,1n,1n,1n,1n,1a,1k,1k,13,1n,1n,1n,1n,1n,1n
1n,1n,1n,1n,1n,1n,13,1k,1k,19,1n,1n,1n,1n,1n,1n
10,10,10,10,10,10,17,1k,1k,1i,1n,1n,1n,1n,1n,1n
1k,1k,1k,1k,1k,1k,1k,1k,1k,1a,1n,1n,1n,1n,1n,1n
10,10,10,10,10,10,10,10,10,17,1n,1n,1n,1n,1n,1n
NAME Dark Room 4
PAL 5

ROOM u
1n,1n,1n,1n,1n,1n,14,10,10,10,10,10,16,1n,1n,1n
1n,1n,1n,1n,1n,1n,13,1k,1k,1k,0,1k,13,1n,1n,1n
1n,1n,1n,1n,1n,1n,13,1k,1k,1a,1k,1k,13,1n,1n,1n
1n,1n,1n,1n,1n,1n,19,1k,1k,13,1k,1k,13,1n,1n,1n
1n,1n,1n,1n,1n,1n,1i,1k,1k,1e,10,10,17,1n,1n,1n
1n,1n,1n,1n,1n,1n,1a,1k,1k,13,1n,1n,1n,1n,1n,1n
1n,1n,1n,1n,1n,1n,13,1k,1k,19,1n,1n,1n,1n,1n,1n
1n,1n,1n,1n,1n,1n,13,1k,1k,1i,1n,1n,1n,1n,1n,1n
1n,1n,1n,1n,1n,1n,13,1k,1k,1a,1n,1n,1n,1n,1n,1n
1n,1n,1n,1n,1n,1n,19,1k,1k,13,1n,1n,1n,1n,1n,1n
1n,1n,1n,1n,1n,1n,1i,1k,1k,13,1n,1n,1n,1n,1n,1n
1n,1n,1n,1n,1n,1n,1a,1k,1k,13,1n,1n,1n,1n,1n,1n
1n,1n,1n,1n,1n,1n,13,1k,1k,19,1n,1n,1n,1n,1n,1n
10,10,10,10,10,10,17,1k,1k,1i,1n,1n,1n,1n,1n,1n
1k,1k,1k,1k,1k,1k,1k,1k,1k,1a,1n,1n,1n,1n,1n,1n
10,10,10,10,10,10,10,10,10,17,1n,1n,1n,1n,1n,1n
NAME Dark Room 5
PAL 5

ROOM v
0,o,n,n,n,0,0,0,0,0,0,0,0,0,0,0
14,1g,11,0,0,0,0,0,0,0,0,0,0,0,0,0
13,0,0,18,10,16,0,0,0,0,14,10,16,0,0,0
13,0,0,0,0,12,10,10,16,0,13,0,13,0,0,0
12,10,10,16,0,0,0,0,13,0,13,0,13,0,0,0
0,0,0,13,0,14,16,0,12,10,17,0,13,0,0,0
0,0,0,13,0,12,1f,0,0,0,0,0,13,0,0,0
0,0,0,13,0,0,12,10,10,1d,16,0,13,0,0,0
0,0,0,12,16,0,0,0,0,1e,1f,0,13,0,0,0
0,0,0,0,12,10,10,10,10,1c,1c,10,17,0,0,0
0,0,0,0,0,0,0,0,0,0,0,0,0,0,0,0
0,0,0,0,0,0,0,0,0,0,0,0,0,0,0,0
0,0,0,0,0,0,0,0,0,0,1j,0,0,0,0,0
0,0,0,0,0,0,0,0,0,0,0,0,0,0,0,0
0,0,0,0,0,0,0,0,0,0,0,0,0,0,0,0
0,0,0,0,0,0,0,0,0,0,0,0,0,0,0,0
NAME 1
ITM 5 4,7
ITM 5 8,8
ITM 5 11,8
EXT 4,7 w 4,7
EXT 11,8 13 11,8
PAL 5

ROOM w
0,o,n,n,o,0,0,0,0,0,0,0,0,0,0,0
14,1g,11,0,0,0,0,0,0,0,0,0,0,0,0,0
13,0,0,18,10,16,0,0,0,0,14,10,16,0,0,0
13,0,0,0,0,12,10,10,16,0,13,0,13,0,0,0
12,10,10,16,0,0,0,0,13,0,13,0,13,0,0,0
0,0,0,13,0,14,16,0,12,10,17,0,13,0,0,0
0,0,0,13,0,12,1f,0,0,0,0,0,13,0,0,0
0,0,0,13,0,0,12,10,10,1d,16,0,13,0,0,0
0,0,0,12,16,0,0,0,0,1e,1f,0,13,0,0,0
0,0,0,0,12,10,10,10,10,1c,1c,10,17,0,0,0
0,0,0,0,0,0,0,0,0,0,0,0,0,0,0,0
0,0,0,0,0,0,0,0,0,0,0,0,0,0,0,0
0,1j,0,0,0,0,0,0,0,0,0,0,0,0,0,0
0,0,0,0,0,0,0,0,0,0,0,0,0,0,0,0
0,0,0,0,0,0,0,0,0,0,0,0,0,0,0,0
0,0,0,0,0,0,0,0,0,0,0,0,0,0,0,0
NAME 12
ITM 5 8,8
ITM 5 11,8
EXT 8,8 x 8,8
EXT 11,8 11 11,8
PAL 5

ROOM x
0,o,n,o,o,0,0,0,0,0,0,0,0,0,0,0
14,1g,11,0,0,0,0,0,0,1j,0,0,0,0,0,0
13,0,0,18,10,16,0,0,0,0,14,10,16,0,0,0
13,0,0,0,0,12,10,10,16,0,13,0,13,0,0,0
12,10,10,16,0,0,0,0,13,0,13,0,13,0,0,0
0,0,0,13,0,14,16,0,12,10,17,0,13,0,0,0
0,0,0,13,0,12,1f,0,0,0,0,0,13,0,0,0
0,0,0,13,0,0,12,10,10,1d,16,0,13,0,0,0
0,0,0,12,16,0,0,0,0,1e,1f,0,13,0,0,0
0,0,0,0,12,10,10,10,10,1c,1c,10,17,0,0,0
0,0,0,0,0,0,0,0,0,0,0,0,0,0,0,0
0,0,0,0,0,0,0,0,0,0,0,0,0,0,0,0
0,0,0,0,0,0,0,0,0,0,0,0,0,0,0,0
0,0,0,0,0,0,0,0,0,0,0,0,0,0,0,0
0,0,0,0,0,0,0,0,0,0,0,0,0,0,0,0
0,0,0,0,0,0,0,0,0,0,0,0,0,0,0,0
NAME (123)
ITM 5 11,8
EXT 11,8 l 7,15
PAL 5

ROOM y
0,0,n,n,o,0,0,0,0,0,0,0,0,0,0,0
14,1g,11,0,0,0,0,0,0,0,0,0,0,0,0,0
13,0,0,18,10,16,0,0,0,0,14,10,16,0,0,0
13,0,0,0,0,12,10,10,16,0,13,0,13,0,0,0
12,10,10,16,0,0,0,0,13,0,13,0,13,0,0,0
0,0,0,13,0,14,16,0,12,10,17,0,13,0,0,0
0,0,0,13,0,12,1f,0,0,0,0,0,13,0,0,0
0,0,0,13,0,0,12,10,10,1d,16,0,13,0,0,0
0,0,0,12,16,0,0,0,0,1e,1f,0,13,0,0,0
0,0,0,0,12,10,10,10,10,1c,1c,10,17,0,0,0
0,0,0,0,0,0,0,0,0,0,0,0,0,0,0,0
0,0,0,0,0,0,0,0,1j,0,0,0,0,0,0,0
0,0,0,0,0,0,0,0,0,0,0,0,0,0,0,0
0,0,0,0,0,0,0,0,0,0,0,0,0,0,0,0
0,0,0,0,0,0,0,0,0,0,0,0,0,0,0,0
0,0,0,0,0,0,0,0,0,0,0,0,0,0,0,0
NAME 2
ITM 5 1,0
ITM 5 8,8
ITM 5 11,8
EXT 1,0 z 1,0
EXT 8,8 15 8,8
EXT 11,8 17 11,8
PAL 5

ROOM z
0,o,n,n,o,0,0,0,0,0,0,0,0,0,0,0
14,1g,11,0,0,0,0,1j,0,0,0,0,0,0,0,0
13,0,0,18,10,16,0,0,0,0,14,10,16,0,0,0
13,0,0,0,0,12,10,10,16,0,13,0,13,0,0,0
12,10,10,16,0,0,0,0,13,0,13,0,13,0,0,0
0,0,0,13,0,14,16,0,12,10,17,0,13,0,0,0
0,0,0,13,0,12,1f,0,0,0,0,0,13,0,0,0
0,0,0,13,0,0,12,10,10,1d,16,0,13,0,0,0
0,0,0,12,16,0,0,0,0,1e,1f,0,13,0,0,0
0,0,0,0,12,10,10,10,10,1c,1c,10,17,0,0,0
0,0,0,0,0,0,0,0,0,0,0,0,0,0,0,0
0,0,0,0,0,0,0,0,0,0,0,0,0,0,0,0
0,0,0,0,0,0,0,0,0,0,0,0,0,0,0,0
0,0,0,0,0,0,0,0,0,0,0,0,0,0,0,0
0,0,0,0,0,0,0,0,0,0,0,0,0,0,0,0
0,0,0,0,0,0,0,0,0,0,0,0,0,0,0,0
NAME 21
ITM 5 8,8
ITM 5 11,8
EXT 8,8 x 8,8
EXT 11,8 12 11,8
PAL 5

ROOM 1a
0,0,0,0,0,0,0,0,0,0,0,0,0,0,0,0
0,0,0,0,0,0,0,0,0,0,0,0,0,0,0,0
0,0,0,0,0,0,0,0,0,0,0,0,0,0,0,0
0,0,0,0,0,0,0,0,0,0,0,0,0,0,0,0
0,0,0,0,0,0,0,0,0,0,0,0,0,0,0,0
0,0,0,0,0,0,0,0,0,0,0,0,0,0,0,0
0,0,0,0,0,0,0,0,0,0,0,0,0,0,0,0
0,0,0,0,0,0,0,0,0,0,0,0,0,0,0,0
0,0,0,0,0,0,0,0,0,0,0,0,0,0,0,0
0,0,0,0,1j,1j,1j,1j,10,10,10,1j,1j,1j,1j,0
0,0,0,0,1j,0,0,0,0,0,0,0,1j,0,1j,0
0,0,0,0,1j,1j,1j,1j,0,18,1g,1j,1j,0,1j,0
0,0,0,0,0,0,0,1j,0,0,0,0,0,0,1j,0
0,0,0,0,0,0,0,1j,1j,1j,1j,1j,1j,1j,1j,0
0,0,0,0,0,0,0,0,0,0,0,0,0,0,0,0
0,0,0,0,0,0,0,0,0,0,0,0,0,0,0,0
EXT 13,10 3 5,11
EXT 10,10 19 10,10
EXT 8,10 1b 8,10
PAL 1

ROOM 1b
0,0,0,0,0,0,0,0,0,0,0,0,0,0,0,0
0,0,0,0,0,0,0,0,0,0,0,0,0,0,0,0
0,0,0,0,0,0,0,0,0,0,0,0,0,0,0,0
0,0,0,0,0,0,0,0,0,0,0,0,0,0,0,0
0,0,0,0,0,0,0,0,0,0,0,0,0,0,0,0
0,0,0,0,0,0,0,0,0,0,0,0,0,0,0,0
0,0,0,0,0,0,0,0,0,0,0,0,0,0,0,0
0,0,0,0,0,0,0,0,0,0,0,0,0,0,0,0
0,0,0,0,0,0,0,0,0,0,0,0,0,0,0,0
0,0,0,0,1j,1j,1j,10,10,1g,1j,1j,1j,1j,1j,0
0,0,0,0,1j,0,0,0,0,0,0,0,1j,0,1j,0
0,0,0,0,1j,1j,1j,16,0,18,1j,1j,1j,0,1j,0
0,0,0,0,0,0,0,1j,0,0,0,0,0,0,1j,0
0,0,0,0,0,0,0,1j,1j,1j,1j,1j,1j,1j,1j,0
0,0,0,0,0,0,0,0,0,0,0,0,0,0,0,0
0,0,0,0,0,0,0,0,0,0,0,0,0,0,0,0
EXT 13,10 3 5,11
EXT 9,10 1a 9,10
EXT 7,10 1c 7,10
EXT 8,11 1f 8,11
PAL 1

ROOM 1c
0,0,0,0,0,0,0,0,0,0,0,0,0,0,0,0
0,0,0,0,0,0,0,0,0,0,0,0,0,0,0,0
0,0,0,0,0,0,0,0,0,0,0,0,0,0,0,0
0,0,0,0,0,0,0,0,0,0,0,0,0,0,0,0
0,0,0,0,0,0,0,0,0,0,0,0,0,0,0,0
0,0,0,0,0,0,0,0,0,0,0,0,0,0,0,0
0,0,0,0,0,0,0,0,0,0,0,0,0,0,0,0
0,0,0,0,0,0,0,0,0,0,0,0,0,0,0,0
0,0,0,0,0,0,0,0,0,0,0,0,0,0,0,0
0,0,0,0,1j,1j,10,10,10,1j,1j,1j,1j,1j,1j,0
0,0,0,0,1j,0,0,0,0,0,0,0,1j,0,1j,0
0,0,0,0,1j,1j,10,16,0,1j,1j,1j,1j,0,1j,0
0,0,0,0,0,0,0,1j,0,0,0,0,0,0,1j,0
0,0,0,0,0,0,0,1j,1j,1j,1j,1j,1j,1j,1j,0
0,0,0,0,0,0,0,0,0,0,0,0,0,0,0,0
0,0,0,0,0,0,0,0,0,0,0,0,0,0,0,0
EXT 13,10 3 5,11
EXT 8,10 1b 8,10
EXT 6,10 1d 6,10
PAL 1

ROOM 1d
0,0,0,0,0,0,0,0,0,0,0,0,0,0,0,0
0,0,0,0,0,0,0,0,0,0,0,0,0,0,0,0
0,0,0,0,0,0,0,0,0,0,0,0,0,0,0,0
0,0,0,0,0,0,0,0,0,0,0,0,0,0,0,0
0,0,0,0,0,0,0,0,0,0,0,0,0,0,0,0
0,0,0,0,0,0,0,0,0,0,0,0,0,0,0,0
0,0,0,0,0,0,0,0,0,0,0,0,0,0,0,0
0,0,0,0,0,0,0,0,0,0,0,0,0,0,0,0
0,0,0,0,0,0,0,0,0,0,0,0,0,0,0,0
0,0,0,0,1j,10,10,10,1j,1j,1j,1j,1j,1j,1j,0
0,0,0,0,1j,0,0,0,0,0,0,0,1j,0,1j,0
0,0,0,0,1j,10,10,16,0,1j,1j,1j,1j,0,1j,0
0,0,0,0,0,0,0,1j,0,0,0,0,0,0,1j,0
0,0,0,0,0,0,0,1j,1j,1j,1j,1j,1j,1j,1j,0
0,0,0,0,0,0,0,0,0,0,0,0,0,0,0,0
0,0,0,0,0,0,0,0,0,0,0,0,0,0,0,0
EXT 13,10 3 5,11
EXT 7,10 1c 7,10
EXT 5,10 1e 5,10
PAL 1

ROOM 1e
0,0,0,0,0,0,0,0,0,0,0,0,0,0,0,0
0,0,0,0,0,0,0,0,0,0,0,0,0,0,0,0
0,0,0,0,0,0,0,0,0,0,0,0,0,0,0,0
0,0,0,0,0,0,0,0,0,0,0,0,0,0,0,0
0,0,0,0,0,0,0,0,0,0,0,0,0,0,0,0
0,0,0,0,0,0,0,0,0,0,0,0,0,0,0,0
0,0,0,0,0,0,0,0,0,0,0,0,0,0,0,0
0,0,0,0,0,0,0,0,0,0,0,0,0,0,0,0
0,0,0,0,0,0,0,0,0,0,0,0,0,0,0,0
0,0,0,0,14,10,10,1j,1j,1j,1j,1j,1j,1j,1j,0
0,0,0,0,13,0,0,0,0,0,0,0,1j,0,1j,0
0,0,0,0,12,10,10,1j,0,1j,1j,1j,1j,0,1j,0
0,0,0,0,0,0,0,1j,0,0,0,0,0,0,1j,0
0,0,0,0,0,0,0,1j,1j,1j,1j,1j,1j,1j,1j,0
0,0,0,0,0,0,0,0,0,0,0,0,0,0,0,0
0,0,0,0,0,0,0,0,0,0,0,0,0,0,0,0
EXT 13,10 3 5,11
EXT 6,10 1d 6,10
PAL 1

ROOM 1f
0,0,0,0,0,0,0,0,0,0,0,0,0,0,0,0
0,0,0,0,0,0,0,0,0,0,0,0,0,0,0,0
0,0,0,0,0,0,0,0,0,0,0,0,0,0,0,0
0,0,0,0,0,0,0,0,0,0,0,0,0,0,0,0
0,0,0,0,0,0,0,0,0,0,0,0,0,0,0,0
0,0,0,0,0,0,0,0,0,0,0,0,0,0,0,0
0,0,0,0,0,0,0,0,0,0,0,0,0,0,0,0
0,0,0,0,0,0,0,0,0,0,0,0,0,0,0,0
0,0,0,0,0,0,0,0,0,0,0,0,0,0,0,0
0,0,0,0,1j,1j,1j,1j,1j,1j,1j,1j,1j,1j,1j,0
0,0,0,0,1j,0,0,0,0,0,0,0,1j,0,1j,0
0,0,0,0,1j,1j,1j,16,0,18,1j,1j,1j,0,1j,0
0,0,0,0,0,0,0,13,0,0,0,0,0,0,1j,0
0,0,0,0,0,0,0,1j,1j,1j,1j,1j,1j,1j,1j,0
0,0,0,0,0,0,0,0,0,0,0,0,0,0,0,0
0,0,0,0,0,0,0,0,0,0,0,0,0,0,0,0
EXT 13,10 3 5,11
EXT 8,10 1b 8,10
EXT 8,12 1n 8,12
PAL 1

ROOM 1g
0,0,0,0,0,0,0,0,0,0,0,0,0,0,0,0
0,0,0,0,0,0,0,0,0,0,0,0,0,0,0,0
0,0,0,0,0,0,0,0,0,0,0,0,0,0,0,0
0,0,0,0,0,0,0,0,0,0,0,0,0,0,0,0
0,0,0,0,0,0,0,0,0,0,0,0,0,0,0,0
0,0,0,0,0,0,0,0,0,0,0,0,0,0,0,0
0,0,0,0,0,0,0,0,0,0,0,0,0,0,0,0
0,0,0,0,0,0,0,0,0,0,0,0,0,0,0,0
0,0,0,0,0,0,0,0,0,0,0,0,0,0,0,0
0,0,0,0,1j,1j,1j,1j,1j,1j,1j,1j,1j,1j,1j,0
0,0,0,0,1j,0,0,0,0,0,0,0,1j,0,1j,0
0,0,0,0,1j,1j,1j,1j,0,18,10,1j,1j,0,1j,0
0,0,0,0,0,0,0,1j,0,0,0,0,0,0,1j,0
0,0,0,0,0,0,0,1j,10,10,10,1j,1j,1j,1j,0
0,0,0,0,0,0,0,0,0,0,0,0,0,0,0,0
0,0,0,0,0,0,0,0,0,0,0,0,0,0,0,0
EXT 13,10 3 5,11
EXT 8,12 1f 8,12
EXT 10,12 1h 10,12
PAL 1

ROOM 1h
0,0,0,0,0,0,0,0,0,0,0,0,0,0,0,0
0,0,0,0,0,0,0,0,0,0,0,0,0,0,0,0
0,0,0,0,0,0,0,0,0,0,0,0,0,0,0,0
0,0,0,0,0,0,0,0,0,0,0,0,0,0,0,0
0,0,0,0,0,0,0,0,0,0,0,0,0,0,0,0
0,0,0,0,0,0,0,0,0,0,0,0,0,0,0,0
0,0,0,0,0,0,0,0,0,0,0,0,0,0,0,0
0,0,0,0,0,0,0,0,0,0,0,0,0,0,0,0
0,0,0,0,0,0,0,0,0,0,0,0,0,0,0,0
0,0,0,0,1j,1j,1j,1j,1j,1j,1j,1j,1j,1j,1j,0
0,0,0,0,1j,0,0,0,0,0,0,0,1j,0,1j,0
0,0,0,0,1j,1j,1j,1j,0,18,10,10,1j,0,1j,0
0,0,0,0,0,0,0,1j,0,0,0,0,0,0,1j,0
0,0,0,0,0,0,0,1j,1j,10,10,10,1j,1j,1j,0
0,0,0,0,0,0,0,0,0,0,0,0,0,0,0,0
0,0,0,0,0,0,0,0,0,0,0,0,0,0,0,0
EXT 13,10 3 5,11
EXT 11,12 1i 11,12
EXT 9,12 1g 9,12
PAL 1

ROOM 1i
0,0,0,0,0,0,0,0,0,0,0,0,0,0,0,0
0,0,0,0,0,0,0,0,0,0,0,0,0,0,0,0
0,0,0,0,0,0,0,0,0,0,0,0,0,0,0,0
0,0,0,0,0,0,0,0,0,0,0,0,0,0,0,0
0,0,0,0,0,0,0,0,0,0,0,0,0,0,0,0
0,0,0,0,0,0,0,0,0,0,0,0,0,0,0,0
0,0,0,0,0,0,0,0,0,0,0,0,0,0,0,0
0,0,0,0,0,0,0,0,0,0,0,0,0,0,0,0
0,0,0,0,0,0,0,0,0,0,0,0,0,0,0,0
0,0,0,0,1j,1j,1j,1j,1j,1j,1j,1j,1j,1j,1j,0
0,0,0,0,1j,0,0,0,0,0,0,0,1j,0,1j,0
0,0,0,0,1j,1j,1j,1j,0,1j,10,10,17,0,1j,0
0,0,0,0,0,0,0,1j,0,0,0,0,0,0,1j,0
0,0,0,0,0,0,0,1j,1j,1j,10,10,10,1j,1j,0
0,0,0,0,0,0,0,0,0,0,0,0,0,0,0,0
0,0,0,0,0,0,0,0,0,0,0,0,0,0,0,0
EXT 13,10 3 5,11
EXT 10,12 1h 10,12
EXT 12,12 1j 12,12
PAL 1

ROOM 1j
0,0,0,0,0,0,0,0,0,0,0,0,0,0,0,0
0,0,0,0,0,0,0,0,0,0,0,0,0,0,0,0
0,0,0,0,0,0,0,0,0,0,0,0,0,0,0,0
0,0,0,0,0,0,0,0,0,0,0,0,0,0,0,0
0,0,0,0,0,0,0,0,0,0,0,0,0,0,0,0
0,0,0,0,0,0,0,0,0,0,0,0,0,0,0,0
0,0,0,0,0,0,0,0,0,0,0,0,0,0,0,0
0,0,0,0,0,0,0,0,0,0,0,0,0,0,0,0
0,0,0,0,0,0,0,0,0,0,0,0,0,0,0,0
0,0,0,0,1j,1j,1j,1j,1j,1j,1j,1j,1j,1j,1j,0
0,0,0,0,1j,0,0,0,0,0,0,0,1j,0,1j,0
0,0,0,0,1j,1j,1j,1j,0,1j,1j,10,17,0,1j,0
0,0,0,0,0,0,0,1j,0,0,0,0,0,0,1j,0
0,0,0,0,0,0,0,1j,1j,1j,1j,10,10,10,1j,0
0,0,0,0,0,0,0,0,0,0,0,0,0,0,0,0
0,0,0,0,0,0,0,0,0,0,0,0,0,0,0,0
EXT 13,10 3 5,11
EXT 11,12 1i 11,12
EXT 13,12 1k 13,12
PAL 1

ROOM 1k
0,0,0,0,0,0,0,0,0,0,0,0,0,0,0,0
0,0,0,0,0,0,0,0,0,0,0,0,0,0,0,0
0,0,0,0,0,0,0,0,0,0,0,0,0,0,0,0
0,0,0,0,0,0,0,0,0,0,0,0,0,0,0,0
0,0,0,0,0,0,0,0,0,0,0,0,0,0,0,0
0,0,0,0,0,0,0,0,0,0,0,0,0,0,0,0
0,0,0,0,0,0,0,0,0,0,0,0,0,0,0,0
0,0,0,0,0,0,0,0,0,0,0,0,0,0,0,0
0,0,0,0,0,0,0,0,0,0,0,0,0,0,0,0
0,0,0,0,1j,1j,1j,1j,1j,1j,1j,1j,1j,1j,1j,0
0,0,0,0,1j,0,0,0,0,0,0,0,1j,0,1j,0
0,0,0,0,1j,1j,1j,1j,0,1j,1j,1j,17,0,13,0
0,0,0,0,0,0,0,1j,0,0,0,0,0,0,13,0
0,0,0,0,0,0,0,1j,1j,1j,1j,1j,10,10,17,0
0,0,0,0,0,0,0,0,0,0,0,0,0,0,0,0
0,0,0,0,0,0,0,0,0,0,0,0,0,0,0,0
EXT 13,10 3 5,11
EXT 12,12 1j 12,12
EXT 13,11 1l 13,11
PAL 1

ROOM 1l
0,0,0,0,0,0,0,0,0,0,0,0,0,0,0,0
0,0,0,0,0,0,0,0,0,0,0,0,0,0,0,0
0,0,0,0,0,0,0,0,0,0,0,0,0,0,0,0
0,0,0,0,0,0,0,0,0,0,0,0,0,0,0,0
0,0,0,0,0,0,0,0,0,0,0,0,0,0,0,0
0,0,0,0,0,0,0,0,0,0,0,0,0,0,0,0
0,0,0,0,0,0,0,0,0,0,0,0,0,0,0,0
0,0,0,0,0,0,0,0,0,0,0,0,0,0,0,0
0,0,0,0,0,0,0,0,0,0,0,0,0,0,0,0
0,0,0,0,1j,1j,1j,1j,1j,1j,1j,1j,1j,1j,1j,0
0,0,0,0,1j,0,0,0,0,0,0,0,13,1i,13,0
0,0,0,0,1j,1j,1j,1j,0,1j,1j,1j,17,0,13,0
0,0,0,0,0,0,0,1j,0,0,0,0,0,0,13,0
0,0,0,0,0,0,0,1j,1j,1j,1j,1j,1j,1j,1j,0
0,0,0,0,0,0,0,0,0,0,0,0,0,0,0,0
0,0,0,0,0,0,0,0,0,0,0,0,0,0,0,0
EXT 13,10 3 5,11
EXT 13,12 1k 13,12
PAL 1

ROOM 1m
0,0,0,0,0,0,0,0,0,0,0,0,0,0,0,0
0,0,0,0,0,0,0,0,0,0,0,0,0,0,0,0
0,0,0,0,0,0,0,0,0,0,0,0,0,0,0,0
0,0,0,0,0,0,0,0,0,0,0,0,0,0,0,0
0,0,0,0,0,0,0,0,0,0,0,0,0,0,0,0
0,0,0,0,0,0,0,0,0,0,0,0,0,0,0,0
0,0,0,0,0,0,0,0,0,0,0,0,0,0,0,0
0,0,0,0,0,0,0,0,0,0,0,0,0,0,0,0
0,0,0,0,0,0,0,0,0,0,0,0,0,0,0,0
0,0,0,0,1j,1j,1j,1j,1j,1j,1j,1j,1d,10,16,0
0,0,0,0,1j,0,0,0,0,0,0,0,13,1i,13,0
0,0,0,0,1j,1j,1j,1j,0,1j,1j,1j,17,0,13,0
0,0,0,0,0,0,0,1j,0,0,0,0,0,0,1j,0
0,0,0,0,0,0,0,1j,1j,1j,1j,1j,1j,1j,1j,0
0,0,0,0,0,0,0,0,0,0,0,0,0,0,0,0
0,0,0,0,0,0,0,0,0,0,0,0,0,0,0,0
EXT 13,10 3 5,11
PAL 1

ROOM 1n
0,0,0,0,0,0,0,0,0,0,0,0,0,0,0,0
0,0,0,0,0,0,0,0,0,0,0,0,0,0,0,0
0,0,0,0,0,0,0,0,0,0,0,0,0,0,0,0
0,0,0,0,0,0,0,0,0,0,0,0,0,0,0,0
0,0,0,0,0,0,0,0,0,0,0,0,0,0,0,0
0,0,0,0,0,0,0,0,0,0,0,0,0,0,0,0
0,0,0,0,0,0,0,0,0,0,0,0,0,0,0,0
0,0,0,0,0,0,0,0,0,0,0,0,0,0,0,0
0,0,0,0,0,0,0,0,0,0,0,0,0,0,0,0
0,0,0,0,1j,1j,1j,1j,1j,1j,1j,1j,1j,1j,1j,0
0,0,0,0,1j,0,0,0,0,0,0,0,1j,0,1j,0
0,0,0,0,1j,1j,1j,16,0,18,1j,1j,1j,0,1j,0
0,0,0,0,0,0,0,13,0,0,0,0,0,0,1j,0
0,0,0,0,0,0,0,12,10,10,1j,1j,1j,1j,1j,0
0,0,0,0,0,0,0,0,0,0,0,0,0,0,0,0
0,0,0,0,0,0,0,0,0,0,0,0,0,0,0,0
EXT 8,11 1f 8,11
EXT 9,12 1g 9,12
PAL 1

ROOM 1o
0,0,0,0,0,0,0,0,0,0,0,0,0,0,0,0
0,0,0,0,0,0,0,0,0,0,0,0,0,0,0,0
0,0,0,0,0,0,0,0,0,0,0,0,0,0,0,0
0,0,0,0,0,0,0,0,0,0,0,0,0,0,0,0
0,0,0,0,0,0,0,0,0,0,0,0,0,0,0,0
0,0,0,0,0,0,0,0,0,0,0,0,0,0,0,0
0,0,0,0,0,0,0,0,0,0,0,0,0,0,0,0
0,0,0,0,0,0,0,0,0,0,0,0,0,0,0,0
0,0,0,0,0,0,0,0,0,0,0,0,0,0,0,0
0,0,0,0,0,0,0,0,0,0,0,0,0,0,0,0
0,0,0,0,0,0,0,0,0,0,0,0,0,0,0,0
0,0,0,0,0,0,0,0,0,0,0,0,0,0,0,0
0,0,0,0,0,0,0,0,0,0,0,0,0,0,0,0
0,0,0,0,0,0,0,0,0,0,0,0,0,0,0,0
0,0,0,0,0,0,0,0,0,0,0,0,0,0,0,0
0,0,0,0,0,0,0,0,0,0,0,0,0,0,0,0
PAL 5

ROOM 1p
1n,1n,1n,1n,1n,13,0,13,1n,1n,1n,1n,1n,1n,1n,1n
1n,1n,1n,1n,1n,13,0,13,1n,1n,1n,1n,1n,1n,1n,1n
1n,1n,1n,1n,1n,13,0,13,1n,1n,1n,1n,1n,1n,1n,1n
1n,1n,1n,1n,1n,13,0,13,1n,1n,1n,1n,1n,1n,1n,1n
1n,1n,1n,1n,1n,13,0,13,1n,1n,1n,1n,1n,1n,1n,1n
1n,1n,1n,1n,1n,13,0,13,1n,1n,1n,1n,1n,1n,1n,1n
14,10,10,10,10,17,0,12,10,10,10,10,16,1n,1n,1n
13,0,0,0,0,0,0,0,0,0,0,0,13,1n,1n,1n
13,0,14,10,10,10,10,10,10,10,16,0,13,1n,1n,1n
13,0,13,0,0,0,0,0,0,0,13,0,13,1n,1n,1n
13,0,13,0,0,0,0,0,0,0,13,0,12,10,10,10
13,0,12,10,10,10,10,16,0,0,13,0,0,0,0,0
13,0,0,0,0,0,0,13,0,0,13,0,0,0,0,0
13,0,14,10,10,16,0,12,10,10,17,0,0,0,0,0
13,0,13,0,0,13,0,0,0,0,0,0,0,0,0,0
13,0,13,0,0,12,10,10,10,10,11,0,0,0,0,0
NAME Room after cat mission
EXT 6,0 k 8,15
PAL 5

ROOM 1q
0,1c,1c,1c,1c,1c,1c,1c,1c,1c,1c,1c,1c,1c,1c,0
1f,0,0,0,0,0,0,0,0,0,0,0,0,0,0,1e
1f,0,14,16,0,0,0,0,0,0,0,0,0,0,0,1e
1f,0,1e,1f,0,0,0,0,0,0,0,0,0,0,0,1e
1f,0,1e,1f,0,0,0,0,0,0,0,0,0,0,0,1e
1f,0,12,17,0,0,0,0,0,0,0,0,0,0,0,1e
1f,0,0,0,0,0,0,0,0,0,0,0,0,0,0,1e
1f,0,0,0,0,0,0,0,0,0,0,0,0,0,0,1e
1f,0,0,0,0,0,0,0,0,0,0,0,0,0,0,1e
1f,0,0,0,0,0,0,0,0,0,0,0,0,0,0,1e
1f,0,0,0,0,0,0,0,0,0,0,0,0,0,0,1e
1f,0,0,0,0,0,0,0,0,0,0,0,0,0,0,1e
1f,0,0,0,0,0,0,0,0,0,0,0,0,0,0,1e
1f,0,0,0,0,0,0,0,0,0,0,0,0,0,0,1e
1f,0,0,0,0,0,0,0,0,0,0,0,0,0,0,1e
0,1d,1d,1d,1d,1d,1d,1d,s,1d,1d,1d,1d,1d,1d,0
NAME Red Room
EXT 8,14 k 8,1
PAL 5

ROOM 1r
1q,1q,1q,1q,1q,1q,1q,1q,1q,1q,1q,1q,1q,1q,1q,1q
1q,1q,1q,1q,1q,1q,1q,1q,1q,1q,1q,1q,1q,1q,1q,1q
1q,1q,1q,1q,1q,1q,1q,1q,1q,1q,1q,1q,1q,1q,1q,1q
1q,1q,1q,1q,1q,1q,1q,1q,1q,1q,1q,1q,1q,1q,1q,1q
1q,1q,1r,1q,1q,1q,1q,1q,1q,1q,1q,1q,1q,1q,1q,1q
1q,1q,1q,1q,1q,1q,1q,1q,1q,1q,1q,1q,1q,1q,1q,1q
1q,1q,1q,1q,1q,1q,1q,1q,1q,1q,1q,1q,1q,1q,1q,1q
1q,1q,1q,1q,1q,1q,1q,1q,1q,1q,1q,1q,1q,1q,1q,1q
1q,1q,1q,1q,1q,1q,1q,1q,1q,1q,1q,1q,1q,1q,1q,1q
1q,1q,1q,1q,1q,1q,1q,1q,1q,1q,1q,1q,1q,1q,1q,1q
1q,1q,1q,1q,1q,1q,1q,1q,1q,1q,1q,1q,1q,1q,1q,1q
1q,1q,1q,1q,1q,1q,0,1q,1q,1q,1q,1q,1q,1q,1q,1q
1q,1q,1q,1q,1q,1q,0,1q,1q,1q,1q,1q,1q,1q,1q,1q
1q,1q,1q,1q,1q,1q,1q,1q,1q,1q,1q,1q,1q,1q,1q,1q
1q,1q,1q,1q,1q,1q,1q,1q,1q,1q,1q,1q,1q,1q,1q,1q
1q,1q,1q,1q,1q,1q,1q,1q,1q,1q,1q,1q,1q,1q,1q,1q
NAME Blue Green Room
PAL 0

TIL 10
11111111
00000000
00000000
00000000
00000000
00000000
00000000
11111111
NAME TB
WAL true

TIL 11
11111111
00000001
00000001
00000001
00000001
00000001
00000001
11111111
NAME TRB
WAL true

TIL 12
10000000
10000000
10000000
10000000
10000000
10000000
10000000
11111111
NAME LB
WAL true

TIL 13
10000001
10000001
10000001
10000001
10000001
10000001
10000001
10000001
NAME LR
WAL true

TIL 14
11111111
10000000
10000000
10000000
10000000
10000000
10000000
10000000
NAME TL
WAL true

TIL 15
11111111
00000001
00000001
00000001
00000001
00000001
00000001
11111111
NAME TBR
WAL true

TIL 16
11111111
00000001
00000001
00000001
00000001
00000001
00000001
00000001
NAME TR
WAL true

TIL 17
00000001
00000001
00000001
00000001
00000001
00000001
00000001
11111111
NAME BR
WAL true

TIL 18
11111111
10000000
10000000
10000000
10000000
10000000
10000000
11111111
NAME TLB
WAL true

TIL 19
10000001
10000001
10000001
10000001
10000001
10000001
10000001
11111111
NAME LBR
WAL true

TIL a
11111111
10000001
10000001
10000001
10000001
10000001
10000001
11111111
NAME main wall
WAL true

TIL b
00000000
00000000
00001000
00000100
01111110
00000100
00001000
00000000
NAME right arrow

TIL c
00000000
00001000
00001000
00001000
00101010
00011100
00001000
00000000
NAME down arrow

TIL d
00000000
00000000
00010000
00100000
01111110
00100000
00010000
00000000
NAME left arrow

TIL f
11111111
10000001
10000001
10000001
10000001
10000001
10000001
11111111
NAME room3
WAL true

TIL g
11111111
10000001
10000001
10000001
10000001
10000001
10000001
11111111
NAME room3

TIL h
11111111
10001001
10011101
10101011
10001001
10001001
10001001
11111111
NAME non-wall2

TIL i
11111111
10000001
10001001
10000101
11111111
10000101
10001001
11111111
NAME nonwall3

TIL j
00000000
00001000
00011100
00101010
00001000
00001000
00001000
00000000
NAME up

TIL k
10000000
00000000
00000000
00000000
00000000
00000000
00000000
00000000
NAME room2
WAL false

TIL l
00000000
00000000
00000000
00000000
00000000
00000000
00000000
00000000
WAL true

TIL m
11111111
10000001
10000001
10000001
10000001
10000001
10000001
11111111
NAME room4 non wall

TIL n
00000000
01100110
10011001
10000001
10000001
01000010
00100100
00011000
NAME room 4 heart tile
WAL true

TIL o
00000000
01100110
11111111
11111111
11111111
01111110
00111100
00011000
NAME room 4 heart filled
WAL false

TIL p
00000000
00000000
00000000
00000000
00010000
00000000
00000000
00000000
NAME hidden door
WAL true

TIL q
00000000
01010000
00100000
00000000
00001010
00000100
01010000
00100000
NAME flower 1

TIL r
00111000
00101000
00111000
00010000
00010100
00011000
01010000
00110000
NAME flower 2

TIL s
01111110
01000010
01000010
01000110
01000010
01000010
01000010
01111110
NAME door
WAL true

TIL t
11111111
10000001
10001101
10001101
10011101
10011001
10000001
10000001
NAME Table 1
WAL true

TIL u
10000001
10000001
10111001
10111001
10000001
10000111
10000111
11111111
NAME Table2
WAL true

TIL v
00000000
00000100
01111100
01001100
01001100
01111100
00000100
00000000
NAME Chair
WAL true

TIL w
00000000
11111100
10000100
10000100
10000100
10000100
11000100
11000100
NAME Chest1

TIL x
11000100
10000100
10000100
10000100
10000100
10000100
11111100
00000000
NAME chest2

TIL y
11111111
10000001
10000001
10011001
10011001
10011001
10011001
10011001
NAME Rug1

TIL z
10011001
10011001
10011001
10011001
10011001
10011001
10000001
11111111
NAME Rug2

TIL 1a
11111111
10000001
10000001
10000001
10000001
10000001
10000001
10000001
NAME TLR
WAL true

TIL 1b
10000001
10000001
10000001
10000001
10000001
10000001
10000001
10000001
NAME NON WALL

TIL 1c
00000000
00000000
00000000
00000000
00000000
00000000
00000000
11111111
NAME B
WAL true

TIL 1d
11111111
00000000
00000000
00000000
00000000
00000000
00000000
00000000
NAME T
WAL true

TIL 1e
10000000
10000000
10000000
10000000
10000000
10000000
10000000
10000000
NAME L
WAL true

TIL 1f
00000001
00000001
00000001
00000001
00000001
00000001
00000001
00000001
NAME R
WAL true

TIL 1g
11111111
00000000
00000000
00000000
00000000
00000000
00000000
11111111
NAME NONWALL

TIL 1h
00000000
00111110
00100010
00001110
00001000
00000000
00001000
00000000
>
00000000
00000000
00000000
00000000
00000000
00000000
00000000
00000000
WAL true

TIL 1i
01111110
01000010
01000010
01000110
01000010
01000010
01000010
01111110

TIL 1j
00000000
00000000
00000000
00000000
00000000
00000000
00000000
00000000
>
00000000
00000000
00000000
00000000
00000000
00000000
00000000
00000000
WAL true

TIL 1k
00000000
00000000
00000000
00000000
00000000
00000000
00000000
00000000
NAME Floor

TIL 1l
00000000
00000000
00000000
00000000
00000000
00000000
00000000
00000000
NAME Filler
WAL true

TIL 1m
00000000
00000000
00000000
00000000
00000000
00000000
00000000
00000000

TIL 1n
11111111
11111111
11111111
11111111
11111111
11111111
11111111
11111111
NAME white wall fill
WAL true

TIL 1o
10000001
10000001
11111111
11111111
10101011
11010101
10101011
11111111
NAME bottom right of computer

TIL 1p
00000000
00000000
00000000
00000000
00000000
11111111
10000001
10000001
NAME top of computer

TIL 1q
00000000
01010000
00100000
00001010
00000100
01010000
00100101
00000010
NAME grass

TIL 1r
00010000
00010100
00011000
01010000
00110000
00010100
00011000
00010000
NAME stem

SPR 10
00000000
00111110
00100010
00001110
00001000
00000000
00001000
00000000
>
00000000
00000000
00000000
00000000
00000000
00000000
00000000
00000000
NAME #4-2
DLG 11

SPR 11
00000000
00011100
00100110
01000011
01001100
01001000
11100100
00111100
>
00000000
00011100
00100110
01000011
01001100
01001000
11100000
00100000
DLG 12

SPR 12
00000000
00000000
00000000
00000000
00000000
00000000
00000000
00000000

SPR 13
01111110
01000010
01000010
01000110
01000010
01000010
01000010
01111110
NAME Blue/Green Door
DLG 1b
POS k 0,10

SPR 14
00000000
00011000
00011000
00100100
01011010
00011000
00100100
00100100
>
00000000
00011000
00011010
00100100
01011000
00011000
00100100
00100100
NAME Optician
POS 1r 9,4

SPR 15
01111100
01101100
01000100
01101100
01111100
01010100
01111100
00111000
NAME doctor T
DLG 1k
POS 1q 8,2

SPR 16
01111100
01101100
11000110
01101100
01111100
00101000
00101000
00000000
>
01111100
11101110
01000100
01101100
01111100
00101000
00101000
00000000
NAME Doctor B
DLG 1j
POS 1q 8,3

SPR 17
00011000
00011000
00111100
01101110
01000110
01101110
01111110
01111110
NAME Flask1
DLG 1c
POS 1q 12,3

SPR 18
00011000
00011000
00111100
01101110
01000110
01101110
01111110
01111110
NAME Flask2
DLG 1d
POS 1q 2,3

SPR 19
00011000
00011000
00111100
01110110
01100010
01110110
01111110
01111110
NAME Flask3
DLG 1e
POS 1q 3,5

SPR A
00000000
00011000
00011000
00100100
01011010
00011000
00000100
00100100
>
00000000
00011000
00011000
00100100
01011010
00011000
00100000
00100100
POS j 1,12

SPR a
00000000
00000000
01010010
01110001
01110010
01111100
00111100
00100100
>
00000000
00000000
01010001
01110001
01110010
01111100
00111100
00100100
NAME cat
DLG 0
POS j 13,13

SPR c
01101100
01101100
00111000
01111001
00010010
00011100
00010100
00000000
>
01101100
01101100
00111000
01111010
00010010
00011100
00010100
00000000
NAME dog
DLG d
POS l 13,14

SPR d
00111100
11111111
00111100
00111100
00011000
00111100
01011010
00100100
NAME old man
DLG a
POS l 13,2

SPR e
00111000
00101000
00111000
00010000
00010100
01011000
00110000
00010000
NAME flowers 1
DLG c
POS l 5,13

SPR f
00000000
01010000
00100000
00000101
00000010
00000000
01010000
00100000
NAME flowers 2
DLG b
POS l 1,13

SPR x
00000000
00000000
01100110
01100110
01111110
01011010
01111110
00000000
DLG w
POS 3 13,1

SPR g
01111110
01000010
01000010
01000110
01000010
01000010
01000010
01111110
NAME Door L 3
DLG f
POS o 9,7

SPR h
01111110
01000010
01000010
01000110
01000010
01000010
01000010
01111110
NAME Door U 1
DLG i
POS o 9,13

SPR i
01111110
01000010
01000010
01000110
01000010
01000010
01000010
01111110
NAME Door U 2
DLG k
POS o 6,10

SPR j
01111110
01000010
01000010
01000110
01000010
01000010
01000010
01111110
NAME Door U 4
DLG m
POS o 6,4

SPR k
01111110
01000010
01000010
01000110
01000010
01000010
01000010
01111110
NAME Door U 5
DLG n
POS o 9,1

SPR l
00000000
00000000
00000001
00000011
00000011
00000001
00000000
00000000
NAME Button Left
DLG v
POS p 12,14

SPR m
00000000
00000000
00000000
00000001
00000001
00000000
00000000
00000000
NAME Button Left - Pressed
DLG g
POS q 12,14

SPR n
01111110
01000010
01000010
01000110
01000010
01000010
01000010
01111110
NAME Door Back1
DLG o
POS q 9,13

SPR o
01111110
01000010
01000010
01000110
01000010
01000010
01000010
01111110
NAME Door Back2
DLG p
POS r 6,10

SPR p
01111110
01000010
01000010
01000110
01000010
01000010
01000010
01111110
NAME Door Back3
DLG q
POS s 9,7

SPR q
01111110
01000010
01000010
01000110
01000010
01000010
01000010
01111110
NAME Door Back4
DLG r
POS t 6,4

SPR r
01111110
01000010
01000010
01000110
01000010
01000010
01000010
01111110
NAME Door Back5
DLG s
POS u 9,1

SPR t
00000000
00111000
00101000
00111000
00010000
00011000
00010000
00011000
NAME Key
DLG t

SPR u
11111100
10000100
10000100
10000100
10000100
10000100
11000100
11000100
NAME chest1
DLG u
POS s 12,7

SPR v
11000100
10000100
10000100
10000100
10000100
10000100
11111100
00000000
NAME chest2
DLG u
POS s 12,8

SPR w
01111110
01000010
01000010
01000110
01000010
01000010
01000010
01111110
NAME Door back1 button
DLG o
POS p 9,13

SPR y
00000000
00111110
00100010
00001110
00001000
00000000
00001000
00000000
>
00000000
00000000
00000000
00000000
00000000
00000000
00000000
00000000
NAME #3
DLG z
POS 3 6,11

SPR z
00000000
00111110
00100010
00001110
00001000
00000000
00001000
00000000
>
00000000
00000000
00000000
00000000
00000000
00000000
00000000
00000000
NAME #4-1
DLG 10
POS 4 2,2

SPR 1a
00000000
00000000
00000000
00000000
00000000
11111111
10000001
10000001
NAME Top of Computer
DLG 1f
POS 1q 2,10

SPR 1b
10000001
10000001
11111111
10101011
11010101
10101011
11010101
11111111
NAME Bottom of computer
DLG 1g
POS 1q 2,11

SPR 1c
11111111
10000001
10111101
10111101
10000001
10000001
10000001
10000001
NAME bed top
DLG 1h
POS 1q 12,9

SPR 1d
10000001
10000001
10000001
10000001
10000001
10000001
10000001
11111111
NAME Bed Bottom
DLG 1i
POS 1q 12,10

SPR 1e
00000000
00000000
00000000
00000000
01111100
01111100
01111100
01111100
POS 1r 2,3

SPR 1f
01111110
01000010
01000010
01000110
01000010
01000010
01000010
01111110
NAME Cat Door
DLG 1l
POS l 2,0

ITM 0
00000000
00000000
11101110
10101010
10111010
10101010
11101110
00000000
NAME glasses
DLG 1

ITM 1
00000000
00111100
00100100
00111100
00010000
00011000
00010000
00011000
NAME key
DLG 2

ITM 2
00000000
00000000
00001000
00000100
01111110
00000100
00001000
00000000
NAME floor 1
DLG 4

ITM 3
00001000
00001100
00001100
00010100
00000000
00001000
00001000
00001000
>
00001000
00011000
00011100
00010100
00000000
00001000
00001000
00001000
NAME floor 2
DLG 5

ITM 4
00000000
00001000
00011100
00101010
00001000
00001000
00001000
00000000
NAME floor 3
DLG 6

ITM 5
00000000
01100110
10011001
10000001
10000011
01000010
00100100
00011000
NAME floor 4 hearts

ITM 6
00000000
00000000
00001000
00000100
01111110
00000100
00001000
00000000
NAME floor 4
DLG 7

ITM 7
00000000
00000000
00000000
00000000
00000000
00000000
00000000
00000000
NAME room 5 door
DLG 9

ITM 8
00000000
00111100
00100100
00111100
00010000
00011000
00010000
00011000
NAME red key

ITM 9
00000000
00111100
00100100
00111100
00010000
00011000
00010000
00011000
NAME blue key

DLG 0
"""
{
  - hasTalkedToOldMan == 1 ?
    Thank you for reuniting me with my owner! I told you he would reward you!
  - else ?
    {sequence
      - {wvy}Meow~{wvy}...
      - Haha just kidding. Can you help me? I lost my owner and I'm {wvy}hungry{wvy}. Can you please tell me owner where I am? {hasTalkedToCat = 2}
      - Seriously, can you please help me? I'm sure he will reward you!
      - It's not like I'm asking you to do it for free!
    }
}
"""
NAME cat dialog

DLG 1
It's dark...
NAME tea dialog

DLG 2

NAME key dialog

DLG 3
 It's dark...
NAME Beginning Torch

DLG 4
What is going on?...
NAME item 2 dialog

DLG 5
Its bright!
NAME #2

DLG 6
Oh My God...
NAME item 4 dialog

DLG 7
collect enough hearts to advance
NAME floor 4 dialog

DLG 8
"""
{
  - hasTalkedToCat >= 1 ?
    {property locked  false}
  - else ?
    You cannot go here 
    {property locked  true}
}
"""

DLG 9
"""
{
  - hasTalkedToCat >= 1 ?

  - else ?
    You cannot go here 

}
"""
NAME room 5 door dialog

DLG 10
Collect enough hearts to continue
NAME sprite z dialog

DLG 11
Where could that last heart be...
NAME #4-2 dialog

DLG 12

NAME sprite 11 dialog

DLG 13
"""
{
  - hasTalkedToOldMan == 1 ?
    {exit "j" 1 14}
  - else ?
    {exit "j" 1 14}
}
"""
NAME locked exit 2

DLG 14
"""
{
  - hasTalkedToOldMan >= 1 ?
    {exit "1p" 1 15}
  - else ?
    {exit "1p" 1 15}
}
"""
NAME exit narration 1

DLG 15
"""
{
  - hasTalkedToCat == 1 ?
    {exit "l" 2 1}
  - else ?
    I can't go back...I wonder if it has anything to do with that cat.
}
"""
NAME exit narration 2

DLG 16
"""
{
  - hasTalkedToOldMan == 1 ?
    {exit "1p" 1 15}
  - else ?
    {exit "j" 1 15}
}
"""
NAME exit narration 3

DLG 17
"""
{
  - hasTalkedToCat >= 2 ?
    {property locked false}{exit "l" 2 1}
  - else ?
    {property locked true}I can't go back...I wonder if it has anything to do with that cat.
}
"""
NAME exit narration 4

DLG 18
"""
{
  - {item "1"} >= 1 ?
    {property locked false}The key opens the door!
  - else ?
    {property locked true}The door is locked...
}
"""
NAME locked exit 3

DLG 19
"""
{
  - hasTalkedToCat >= 2 ?
    {property locked false}{exit "l" 2 1}
  - else ?
    {property locked true}I can't go back...I wonder if it has anything to do with that cat.
}
"""
NAME locked exit 4

DLG a
"""
{
  - hasTalkedToCat >= 2 ?
    Thank you for finding my cat! Here is a red key {printItem "8"} . I'm sure it will unlock something. {hasTalkedToOldMan = 1}{item "8" {1}}
  - else ?
    Hello, youngin. Could you please help an old man out? It seems my cat has run {wvy}away{wvy}... I've lost my cane and can't walk without it but that is not what is important. Can you please help me find my cat?
}
"""
NAME old man dialog

DLG b
I wonder why there are plants here...
NAME flowers 2 dialog

DLG c
Wow, a flower! It smells so good
NAME flowers 1 dialog

DLG d
"""
{
  - hasTalkedToOldMan >= 1 ?
    I wonder if the old man is delusional and confused his cat for a dog?  
  - else ?
    What a cute dog! I want to pet it!
}
"""
NAME dog dialog

DLG e
 I'm locked
NAME door dialog

DLG f
"""
{
  - doorUnlocked == 1 ?
    The door swings open easily.{exit "s" 10 7}
  - else ?
    It's locked, there's gotta be a way in somewhere around here.
}
"""
NAME Door - Locked 1 dialog

DLG g
I've already Pressed this button.
NAME Button Left - Pressed dialog

DLG h
{exit "o" 6 14}
NAME Go to Hallway

DLG i
{exit "p" 10 13}
NAME Go to Dark Room 1

DLG k
{exit "r" 5 10}
NAME Go to Dark Room 2

DLG l
{exit "s" 10 7}
NAME Go to Dark Room 3

DLG m
{exit "t" 5 4}Completely empty except that nice rug.
NAME Go to Dark Room 4

DLG n
{exit "u" 10 1}Looks like a closet of some kind.
NAME Go to Dark Room 5

DLG o
{exit "o" 8 13}
NAME Move Back To Hallway 1

DLG p
{exit "o" 7 10}
NAME Move Back To Hallway 2

DLG q
{exit "o" 8 7}
NAME Move Back To Hallway 3

DLG r
{exit "o" 7 4}
NAME Move Back To Hallway 4

DLG s
{exit "o" 8 1}
NAME Move Back To Hallway 5

DLG t
You found another key!
NAME Green Key dialog

DLG u
"""
{
  - greenKey == 1 ?
    You already got the key, it's empty now.
  - else ?
     Oh hey, there's a key in there!{greenKey = 1}
}
"""
NAME Open Green Chest

DLG v
You press the button into the wall and hear a soft click. I wonder what that unlocked.{doorUnlocked = 1}{exit "q" 11 14}
NAME Button Left Press

DLG w
I hope you didn't go the long way around. There are shortcuts!
NAME sprite x dialog

DLG x
"""
{
  - {item "1"} >= 1 ?
    {property locked false}
    The key opens the door!
  - else ?
    {property locked true}
    The door is locked...
}
"""
NAME locked exit 1

DLG y
 

DLG z
"""
Oh my God...
There must be a better way
"""
NAME sprite y dialog

DLG 1a
"""
{
  - {item "8"} >= 1 ?
    {property locked false}The red key opened the door!
  - else ?
    {property locked true}The door is locked...do I have the right key?
}
"""
NAME locked exit 5

DLG 1b
"""
{
  - greenKey == 1 ?
    {
      - {item "9"} == 1 ?
        {property locked false}Perfect these two fit!{exit "1r" 15 10}
      - else ?
        Well one of the keys I have fits... I guess I need to find the other one.
    }
  - else ?
    {property locked true}This door has two keyholes, better start looking.
}
"""
NAME Blue/Green Door locked dialog

DLG 1c
"""
{
  - talkedToFlask >= 1 ?
    Why does the doctor have so many flasks? Are they ALL filled with medicine?
  - else ?
    A flask? I wonder if there is medicine inside....{talkedToFlask = talkedToFlask + 1}
}
"""
NAME Flask dialog

DLG 1d
Wow this flask reeks...Is that vodka?{talkedToFlask = talkedToFlask + 1}
NAME Flask2 dialog

DLG 1e
"""
{
  - talkedToFlask >= 1 ?
    Why does the doctor have so many flasks? Are they ALL filled with medicine?
  - else ?
    A flask? I wonder if there is medicine inside....{talkedToFlask = talkedToFlask + 1}
}
"""
NAME sprite 19 dialog

DLG 1f
"""
{shuffle
  - I wonder what is on this computer...patient's records?
  - I wonder if I can order food on here...
  - I wonder if I can sell this for a pretty penny
}
"""
NAME Top of Computer dialog

DLG 1g
"""
{shuffle
  - I wonder what is on this computer...patient's records?
  - I wonder if I can order food on here...
  - I wonder if I can sell this for a pretty penny
}
"""
NAME Bottom of computer dialog

DLG 1h
Wow, a bed! I wonder if he lives here...
NAME bed top dialog

DLG 1i
Wow, a bed! I wonder if he lives here...
NAME Bed Bottom dialog

DLG 1j
"""
Thank you so much for letting me out! I've been trapped in here for a while. I lost my key and no one has even come looking for me! I think a cat must've eaten it or something. Anyway, since I have you here, how about I give you a free check up? 
...

You say that someone gave you a red key but the color looked the same as everything else around you? That is interesting. Let me run some tests.

...

Okay. Here are some glasses that should help with that. Take these glasses and go out the door that has three locks. Don't put them on until you go through that door, okay? Oh, wait. I almost forgot. You're going to need this key. Here is a blue key.{printItem "9"} I know you can't tell yet but you'll see what I mean when you put on the glasses. I have no use for this key since it doesn't open the door to my room...{item "0" {1}}{item "9" 1}
"""
NAME Doctor B dialog

DLG 1k
"""
Thank you so much for letting me out! I've been trapped in here for a while. I lost my key and no one has even come looking for me! I think a cat must've eaten it or something. Anyway, since I have you here, how about I give you a free check up? 
...

You say that someone gave you a red key but the color looked the same as everything else around you? That is interesting. Let me run some tests.

...

Okay. Here are some glasses that should help with that. Take these glasses and go out the door that has three locks. Don't put them on until you go through that door, okay? Oh, wait. I almost forgot. You're going to need this key. Here is a blue key.{printItem "9"} I know you can't tell yet but you'll see what I mean when you put on the glasses. I have no use for this key since it doesn't open the door to my room...{item "0" {1}}{item "9" 1}
"""
NAME doctor T dialog

DLG 1l
"""
{
  - hasTalkedToOldMan >= 1 ?
    {exit "1p" 1 15}
  - else ?
    {exit "j" 1 13}
}
"""
NAME Cat Door dialog

DLG 1m
You walk through the doorway
NAME exit narration 5

VAR hasTalkedToCat
0

VAR hasTalkedToOldMan
0

VAR greenKey
0

VAR doorUnlocked
0

VAR talkedToFlask
0

